261.963837 202.101456
239.774475 201.307526
218.173218 200.648041
44.388206 203.695877
250.688248 195.474152
228.997513 194.947906
261.520477 189.520493
239.781494 188.948090
217.952606 188.202942
46.630329 188.445618
250.540161 183.088562
228.611923 182.438492
261.213806 176.903702
239.302917 176.329361
250.300430 170.552383
48 90
59 183
70 188
261.583282 90.599724
251.159485 84.623352
262.075073 78.301758
47.839485 77.566887
251.292786 72.165016
58.840500 71.833313
262.546661 65.949997
69.731384 65.613419
47.501820 65.239250
251.875885 59.960995
58.693523 59.166344
241.201904 53.920536
69.381691 53.298458
262.995422 53.502975
47.156330 52.730972
252.420471 47.360474
58.193199 46.842178
69.069717 41.021915
241.689041 41.243996
263.629120 40.683960
46.638458 39.955883
196.844818 200.251083
175.846344 199.812363
154.712311 199.558395
133.436218 199.378601
112.184731 199.710083
90.507141 200.047623
68.780174 200.320953
186.386505 193.930923
165.303177 193.631683
122.918579 193.584946
101.564957 193.821152
79.734505 194.117691
57.876133 194.593597
207.524872 194.262375
175.638443 187.536346
154.848572 187.412155
196.751770 187.904968
112.356712 187.522141
90.848663 187.539413
80.070450 182.076218
207.425522 182.059174
186.296600 181.632828
101.576691 181.397003
217.826019 175.914398
196.588242 175.558075
91.023537 175.261536
69.368423 175.631577
47.234215 176.007996
207.418396 169.601273
80.340027 169.053513
228.751816 170.045166
58.493420 169.683990
239.405701 163.909515
217.956619 163.687256
196.746170 163.484024
91.214973 163.079071
261.170227 164.437790
69.735115 163.387619
47.500000 163.511627
250.200348 158.198364
207.446106 157.396698
80.472847 157.072266
228.682129 157.753372
58.762714 157.311111
218.104324 151.354950
261.011108 152.063675
239.347656 151.821442
69.820480 151.032288
47.774021 151.263016
207.471619 145.542816
250.221680 145.791473
228.815262 145.483047
58.952381 145.000000
217.835785 139.322266
261.006836 139.729004
239.241104 139.525040
70.020515 138.941360
48.081760 139.029160
80.808060 132.797501
250.241623 133.554443
228.717880 133.323807
58.992786 132.791626
261.205048 127.426758
239.264008 127.068817
218.014099 127.102913
70.249313 126.656708
48.319496 126.567070
250.379410 121.267136
228.818298 121.171371
80.830482 120.532478
59.446842 120.597008
261.220154 115.132805
239.622375 115.015152
217.945267 114.918533
70.237282 114.624336
48.304283 114.447227
229.104156 109.063004
81.043427 108.433289
250.806244 108.725914
59.256943 108.371910
239.562790 103.091324
91.666443 102.531128
261.474060 102.916405
70.127296 102.340836
48.284332 102.143539
102.421188 96.682129
229.274612 96.933083
207.909668 96.948792
250.760986 96.814354
80.969521 96.466057
59.318108 96.060471
218.432587 90.993057
112.968559 90.534424
239.956940 90.820869
91.834137 90.393608
70.226105 90.191185
186.828568 84.927216
123.641930 84.920601
208.046692 84.956520
229.363129 84.782570
102.415634 84.500000
80.902962 84.308945
59.116848 83.915596
112.978676 78.716103
197.473953 78.871529
240.252594 78.637085
218.668900 78.892456
91.718620 78.479210
70.012192 78.042686
186.896835 72.970039
208.240967 72.870308
123.687798 72.588280
229.665726 72.572510
102.450401 72.550072
80.854866 72.072929
197.675934 66.745575
113.000618 66.544914
218.905090 66.500000
91.554169 66.166122
240.656281 66.343727
144.795898 60.582954
123.491272 60.379761
208.576981 60.284920
187.283737 60.550045
102.204575 60.254028
230.169312 60.136330
80.593391 59.801186
134.170288 54.518841
176.785660 54.557663
155.635742 54.482731
219.322418 54.305027
198.012390 54.511719
112.797607 54.310196
91.371475 53.944836
166.118439 48.356430
123.526512 48.326382
187.501114 48.150787
144.857300 48.208965
230.394348 47.727242
208.962646 48.037357
102.082611 47.892567
80.401077 47.346863
134.074890 42.298370
198.276642 38.867081
176.870667 42.343861
155.660934 42.258739
112.701988 41.860756
219.805817 41.805820
91.087990 41.604565
144.343918 193.466660
133.704132 187.295868
165.168716 181.233017
144.202774 181.161377
123.111481 181.306717
175.669525 175.277832
154.828003 175.128265
133.807373 174.960663
112.506760 175.047302
186.120102 169.377457
165.277603 169.217438
144.339874 169.145416
123.219009 168.924057
102.000000 169.132477
175.853073 163.133957
154.845200 163.011139
133.940796 162.897324
112.808746 162.883331
186.173157 157.091492
165.350311 157.095810
144.501190 156.897049
123.306198 156.936646
102.050102 156.905655
196.783173 151.189438
175.842926 151.097382
154.835556 150.836273
134.002167 150.904999
112.900543 150.884552
91.532333 150.820801
186.235870 145.105469
165.410782 145.003372
144.523026 144.904907
123.482750 144.797134
102.251938 144.843582
80.959305 144.801163
196.774048 139.089645
175.663315 138.839783
155.055328 138.832352
134.018005 138.859573
113.000496 138.783508
91.659515 138.719513
207.500000 133.094910
186.422424 133.117645
165.592850 133.009247
144.614090 132.685608
123.537170 132.738220
102.285881 132.870377
196.977402 127.110046
175.807892 126.967461
155.000000 126.829498
134.262833 126.656853
113.078903 126.695534
91.824692 126.642365
165.477234 120.928688
207.500000 121.094910
186.531845 120.932121
144.641159 120.899330
123.462463 120.744865
102.428337 120.684792
197.000000 115.000000
176.124878 114.925079
155.096298 114.885979
134.311844 114.640579
113.065628 114.620003
91.762039 114.644043
207.593750 109.015625
186.517746 108.790825
165.632019 108.754471
144.624725 108.827301
123.671181 108.724930
102.436462 108.687172
197.241516 103.000000
176.125870 102.930946
155.235336 102.880608
134.228714 102.775757
218.253342 103.011627
113.125053 102.700333
186.622375 96.984848
165.771454 96.832741
144.809174 96.861542
123.823730 96.823730
176.290237 91.000000
155.284256 90.871506
197.245911 90.850807
134.335236 90.834503
165.866013 84.945358
144.868378 84.786713
155.377625 79.015152
176.462265 79.009438
134.326050 78.968033
165.954544 72.852814
144.794510 72.786591
176.581024 66.810684
155.500000 66.905090
134.305954 66.819275
166.216888 60.538136
